	s28504	s29753	s31166	LP17_F	LP09_F	s26891	s31407	s12389	s29745	sAI_9042	s10852	s31716	s32109	LP13_F_REDO	s31761	LP05_F	s32186	LP18_F	LP02_F	s31369	sAI_5316	s31475	s29777	s27796	s31943	LC12_F	s29934	LP11_F	s32573	s32679	s29586	s22756	s32994	LP20_F	s11367	s29404	s33276	LP03_F	LP19_F	s29848	s11287	s29396	s31686	s29556	s30731	LC06_F	s21944	LC13_F	s22683	LC08_F	s29763	s26917	LC11_F	s31219	s30879	s33833	LC10_F	s24010	s30239	s32025	s25149	s31091	s31202	LC02_F	s27321_9596	LP12_F	LC03_F	s29780_9504	LP14_F	LC05_F	s31904	s27403	LP16_F	LC07_F	s22787	s20844	s27111	s28791	s1624	s28535	s30012	s10832	s31659	s29523	LP06_F	s29527	s27555	s21911	LP04_F	LC01_F	LP08_F_REDO	s28408	sAI_9328
s28504	0.0	0.621264989253	0.593613048367	0.709108780902	0.697978072701	0.665570015643	0.613471480216	0.616604673349	0.78261227876	0.675876585363	0.592431363227	0.712320614768	0.57539095569	0.70979077597	0.631929343928	0.730845560173	0.71986533944	0.701998507712	0.719257587643	0.703582827537	0.593957044119	0.53501664956	0.605510242671	0.633019841451	0.702457478339	0.775613283855	0.705623214923	0.724356647219	0.667824077357	0.685181996099	0.674925801819	0.719213102959	0.595691670263	0.775864176706	0.625640574362	0.743292788697	0.672139741295	0.642032769077	0.622609267324	0.595961287859	0.720742221982	0.68852623373	0.593301608475	0.65696189233	0.693582989384	0.768518000935	0.663253806767	0.769138105071	0.726486266799	0.647574961179	0.574947337857	0.580489402002	0.764039375899	0.632881270232	0.552876443207	0.75315863045	0.745527599363	0.632403921201	0.676809536205	0.754476823603	0.584104378867	0.571895299629	0.653098362033	0.668448172071	0.677436483737	0.54661625438	0.728628248121	0.583217031661	0.705645746158	0.740435155612	0.769518812944	0.600470456486	0.687143496017	0.728068804124	0.595118812194	0.603761111666	0.65433128396	0.628882742845	0.577638660861	0.717820857246	0.688302968388	0.676188800082	0.757929260708	0.697495823588	0.724938538274	0.57838297467	0.6502586981	0.508967554584	0.696430581657	0.709326916306	0.661462859307	0.685912165308	0.618674032409
s29753	0.621264989253	0.0	0.689911663571	0.634481024783	0.625064130975	0.65379330209	0.722426893241	0.718397570933	0.775164453321	0.720069446149	0.60737343798	0.634560003073	0.677952024472	0.639974698493	0.592985421846	0.750011970828	0.751715780751	0.673024961938	0.712332518952	0.690086418205	0.455662658778	0.657823548954	0.537577342348	0.577120171789	0.651012310256	0.7810514451	0.655679673171	0.728713519336	0.658670989628	0.588506488138	0.609103866308	0.76481488519	0.594047307707	0.729558554303	0.567172258178	0.650144763698	0.635762894361	0.609933341992	0.552481996457	0.660901908541	0.524962765669	0.736562645644	0.563348714952	0.604340376109	0.676836487818	0.789982095667	0.656550269433	0.781190675332	0.737390425373	0.63762213032	0.662218588053	0.531393436401	0.76541124074	0.668322322797	0.558639281509	0.780630443383	0.787708924294	0.658588769689	0.707430563999	0.738329134663	0.545499957107	0.636814350746	0.609108993083	0.614286527645	0.63713852359	0.578097900463	0.679628766086	0.607306574899	0.712587066763	0.736795621812	0.758334157559	0.598182213878	0.672843228032	0.776755271725	0.598478215517	0.618430791765	0.582638329249	0.578316756386	0.54970475747	0.742477806253	0.63330264611	0.641260230819	0.704242647724	0.747050887968	0.71746296751	0.585281790744	0.675692217092	0.575896843112	0.617859632262	0.690544712286	0.583297656724	0.527706425036	0.625176346943
s31166	0.593613048367	0.689911663571	0.0	0.66920719175	0.648271041209	0.598872809349	0.659242579648	0.611785877852	0.692464884975	0.624238635885	0.553275039776	0.645176130465	0.586671631429	0.742236791397	0.599311038154	0.689554645946	0.632394884575	0.73286873767	0.721945354476	0.613049785487	0.636230554063	0.520908080739	0.592993266958	0.567941593775	0.593501196654	0.702467825817	0.652062844856	0.710288392748	0.584006982501	0.781653225675	0.578189251462	0.633808335078	0.490101321908	0.726336507891	0.566743661401	0.7203688219	0.606131719288	0.689019268332	0.671681364425	0.54088140447	0.706243643688	0.587853578096	0.65758422702	0.621185649227	0.587172048095	0.717823137136	0.590783271351	0.699376623664	0.604735070719	0.537319389825	0.50497567976	0.510606208418	0.712170740614	0.5557570391	0.550825560604	0.663492068504	0.6963821006	0.596684612395	0.615738176178	0.659946903522	0.593928955285	0.452129942975	0.534232907427	0.616202432462	0.692399835937	0.587048462628	0.688603765202	0.553728408122	0.68143933131	0.686437374794	0.668128049966	0.53663552909	0.655225125207	0.669705861144	0.49798037705	0.594742866366	0.586168998077	0.579366113367	0.557665025345	0.64565504097	0.771319292473	0.637428344651	0.688870595808	0.607505369967	0.659289691941	0.566496232457	0.611441572932	0.607586234311	0.683109747471	0.643732109994	0.662409495861	0.652710049356	0.538491782488
LP17_F	0.709108780902	0.634481024783	0.66920719175	0.0	0.481688834986	0.511881985361	0.759622213234	0.674531352693	0.689386003556	0.640490591486	0.568596080087	0.608140428745	0.65589960854	0.649822378025	0.601563911483	0.57824830092	0.600619970486	0.589244323678	0.55189397727	0.505824809639	0.732084338488	0.668738787118	0.678463873429	0.552907832138	0.558151090735	0.635488219471	0.55536842361	0.515264290415	0.520602899777	0.65600004988	0.558243670087	0.63949554726	0.620873338287	0.532137837598	0.631754813453	0.606485275173	0.509412532558	0.548112619429	0.60763915853	0.601984366294	0.572325474053	0.589588919891	0.629496420296	0.597498997589	0.524294658205	0.652672566415	0.626379944547	0.652282408563	0.640360594741	0.580489993203	0.64648145149	0.624208055799	0.595188981804	0.509129465252	0.630342602427	0.674867349806	0.656989886515	0.644028161852	0.596097883259	0.629929699917	0.60409639403	0.610574567347	0.632836818675	0.576692717744	0.624610828061	0.619897291102	0.504465745853	0.611846021166	0.555263145255	0.62949124779	0.632222582405	0.627980181137	0.512725137547	0.6554527237	0.626894968895	0.553065990658	0.593034020016	0.55696526212	0.552514655864	0.654740009733	0.729155333786	0.660123849061	0.577846186237	0.61828502534	0.554214691311	0.605727089515	0.635419692738	0.620158194888	0.523569809228	0.557359362879	0.527545235105	0.524427350454	0.63145999662
LP09_F	0.697978072701	0.625064130975	0.648271041209	0.481688834986	0.0	0.601472322138	0.698279488738	0.672817903113	0.718963471482	0.637272690576	0.601015595856	0.552936951308	0.665479538406	0.595752679729	0.540719457745	0.667749189577	0.616302108614	0.502112691225	0.623580430608	0.539758522282	0.671415443085	0.567278529732	0.632710072207	0.509940930702	0.583924321769	0.657023872159	0.60134280394	0.573388878922	0.539350669499	0.595898705866	0.516570343538	0.678269948602	0.565450995109	0.569729855183	0.561145204696	0.519095876758	0.514293171512	0.539773700871	0.560491626551	0.646174866971	0.523013883526	0.625227021752	0.571822007568	0.536356140258	0.563047012476	0.70127721317	0.587189406498	0.668625200325	0.636200332331	0.551742216818	0.62788523073	0.572756884484	0.633075102045	0.567020209347	0.613738367196	0.69389875965	0.694587224595	0.653906924999	0.603685755374	0.663901808365	0.570896175908	0.566819560198	0.57608647788	0.561706259094	0.596863526836	0.521836809341	0.592458109303	0.543559134729	0.573095629684	0.665755509066	0.6763139267	0.602071227595	0.559760765226	0.69440479871	0.595082916916	0.505624139498	0.563407176937	0.537682658411	0.515784007623	0.654790253278	0.676471893193	0.596463786239	0.633365916098	0.66468846178	0.581427549443	0.617702259841	0.649203486129	0.627583089338	0.511891784419	0.633652128665	0.531999997818	0.522993082952	0.560307589049
s26891	0.665570015643	0.65379330209	0.598872809349	0.511881985361	0.601472322138	0.0	0.690229991869	0.6527126773	0.656252241613	0.590295915374	0.468861752545	0.584638489832	0.628969667963	0.680868530695	0.597638808107	0.615443552699	0.602390402209	0.610063468781	0.57521857155	0.55177628592	0.686341058913	0.669313888824	0.61952929848	0.526561439046	0.513036040997	0.662780341561	0.561821984917	0.610753983491	0.514921446569	0.698836737539	0.577536713008	0.650152616384	0.521297898677	0.541237761325	0.555290610678	0.599062877979	0.549196376114	0.572008745525	0.621117678235	0.572141095609	0.614298155391	0.585779618098	0.590022912924	0.568678362184	0.52425405724	0.660663091098	0.545119943556	0.686061095975	0.584746090113	0.510534313968	0.588384022372	0.57346088203	0.628718418983	0.478277904513	0.580718544335	0.628108473179	0.655261018866	0.584325077971	0.586009953411	0.591742960554	0.569895109215	0.573640138562	0.594415445663	0.544494260241	0.583952395477	0.581037183552	0.516068987364	0.546995261053	0.542622714707	0.630320264553	0.600965381469	0.53672498002	0.528824987031	0.656126595078	0.541039181464	0.538740401285	0.504583533342	0.451145271455	0.496426302658	0.623815101433	0.733839772507	0.626593410055	0.562415235707	0.629737969198	0.558718910356	0.590753945744	0.573273115059	0.649875490494	0.554479244987	0.580562869357	0.516115191059	0.550188675539	0.586412641086
s31407	0.613471480216	0.722426893241	0.659242579648	0.759622213234	0.698279488738	0.690229991869	0.0	0.627389088963	0.742876083333	0.645394012291	0.628764555133	0.686173360275	0.607697488824	0.779766368317	0.64664737637	0.764417137043	0.671324676804	0.748983659621	0.723856826847	0.698366356517	0.721470187804	0.616393466092	0.655722819812	0.695056385475	0.687166563926	0.74433027231	0.713649035108	0.733283961457	0.711120723752	0.758685278036	0.724132488409	0.70949760223	0.63504174773	0.746037941384	0.612902402955	0.742507944691	0.706955805367	0.724509797183	0.689245484352	0.648383775516	0.791166045763	0.71990163912	0.701111147272	0.678473523977	0.712437287713	0.760071669076	0.691332441114	0.726121746479	0.64978876071	0.660669679243	0.592279851393	0.670488982545	0.742494878051	0.670485745434	0.620874832479	0.706226184795	0.732090130569	0.700475172841	0.702142191306	0.747695706439	0.662953631419	0.619563179215	0.634765315211	0.663851794737	0.734655550363	0.645333215167	0.716793630168	0.65823587317	0.710979062056	0.718219830682	0.758279397292	0.579795714037	0.729989790672	0.714626432452	0.659941691123	0.700261344397	0.675184422641	0.690292292864	0.696528270991	0.693387921626	0.754961181609	0.667153519308	0.745666746659	0.669018437214	0.717976726206	0.680136960668	0.640114842407	0.685828704134	0.731734319223	0.720807662299	0.740237042217	0.731560707823	0.684710204277
s12389	0.616604673349	0.718397570933	0.611785877852	0.674531352693	0.672817903113	0.6527126773	0.627389088963	0.0	0.622398297543	0.612062523015	0.57508193809	0.655296513985	0.587378811721	0.734973145776	0.617717839746	0.594871374643	0.588073458099	0.705784794563	0.686854060721	0.631433059566	0.724418336775	0.564758514846	0.665434050609	0.612258952138	0.646929431509	0.634374196355	0.664021771839	0.67896107942	0.603082209249	0.765890294724	0.646713202289	0.548492401928	0.56004987454	0.691222234491	0.595031887523	0.733000944064	0.643685947987	0.69177597158	0.672539021002	0.571702650053	0.743790383172	0.602502401738	0.698830363876	0.695491964057	0.629386444462	0.624412943963	0.65599115743	0.600936514332	0.60614684975	0.595157591855	0.509591578783	0.636474667108	0.621909300418	0.574614011103	0.648106959876	0.618034130316	0.632627011985	0.580217384534	0.639686652641	0.668935819939	0.674097748193	0.516001480601	0.608862746447	0.644429024869	0.698587722604	0.62501665672	0.647483926315	0.61570946797	0.619132078474	0.574790238731	0.652697670634	0.558133463667	0.65481711887	0.525474029384	0.59986184063	0.668258349333	0.637820582262	0.657703104756	0.602991711192	0.635675295777	0.771685103623	0.64602058964	0.615806916998	0.590429580449	0.623942418305	0.550742789324	0.507566137465	0.65988859787	0.694673848557	0.635400100238	0.683521820782	0.687880333997	0.626637459428
s29745	0.78261227876	0.775164453321	0.692464884975	0.689386003556	0.718963471482	0.656252241613	0.742876083333	0.622398297543	0.0	0.595432659238	0.655566514955	0.600456437308	0.68714143593	0.770740632323	0.631071023657	0.504374250687	0.519187270707	0.725429323183	0.64018346067	0.599100291894	0.797922206518	0.706992755316	0.754772712156	0.616619729297	0.582812426513	0.54306991933	0.606527179113	0.680212598745	0.581102083352	0.823499713147	0.639299419198	0.542960518699	0.631987592377	0.619371072561	0.636178394778	0.70399967701	0.686709849803	0.711775674884	0.780053622944	0.637027016566	0.75909590459	0.531891622563	0.782780398964	0.699360462452	0.597324257366	0.54334098032	0.637065650344	0.549465286687	0.588253765136	0.603618482527	0.616386863143	0.726893638418	0.527183512144	0.613661380573	0.724106453619	0.486359643146	0.521775950286	0.674971714035	0.555345179873	0.562500792823	0.752884102086	0.612022647835	0.654776069883	0.680480645632	0.672294976885	0.686501191903	0.637353776271	0.697277328041	0.626542207733	0.559855710246	0.508233207258	0.629073533608	0.63826945584	0.538983914429	0.677237467359	0.67114729283	0.667848400809	0.65214101568	0.684186681191	0.527869696327	0.863201084669	0.663999704817	0.550036637669	0.570059172253	0.589005333383	0.691035284277	0.57193929087	0.769404380041	0.714144765241	0.613823073937	0.66307728329	0.713945049489	0.696574913032
sAI_9042	0.675876585363	0.720069446149	0.624238635885	0.640490591486	0.637272690576	0.590295915374	0.645394012291	0.612062523015	0.595432659238	0.0	0.581862131113	0.552631845033	0.60664753235	0.765583607855	0.568712900959	0.614832968694	0.547605971077	0.698719393012	0.662057146968	0.600353795967	0.717172499122	0.591658131471	0.652258602448	0.609473362906	0.613610190961	0.642905543605	0.581817584332	0.675786345987	0.544518522113	0.767710582711	0.598903750276	0.625099149858	0.548923036283	0.619583322413	0.558758410582	0.644311209707	0.595597721823	0.690730498097	0.685333725506	0.606612629885	0.690868935617	0.484865042019	0.681511328003	0.5940585842	0.544257930599	0.633543788835	0.574592909591	0.662119025242	0.539833579276	0.519575215545	0.567807210256	0.633552919787	0.60687788112	0.570039889298	0.600752143878	0.589013258906	0.606845314814	0.624306588143	0.534989794178	0.632370108713	0.672828935139	0.477676318084	0.595403900512	0.649481666943	0.591402685606	0.607753359136	0.602934817253	0.592669245704	0.589634670759	0.656111228266	0.608340929156	0.521193513807	0.577893866698	0.629511337755	0.570824816963	0.630287295014	0.588694258187	0.577275088332	0.609571728711	0.556602481713	0.801020103057	0.635381277226	0.671249579182	0.57418301875	0.583769455485	0.619924146734	0.568526073335	0.654361810756	0.637263076713	0.650057434804	0.593602704923	0.664580216678	0.639999976634
s10852	0.592431363227	0.60737343798	0.553275039776	0.568596080087	0.601015595856	0.468861752545	0.628764555133	0.57508193809	0.655566514955	0.581862131113	0.0	0.597271469613	0.611733380156	0.700808151081	0.585078098938	0.63742119741	0.594056041041	0.639845759239	0.609200616291	0.607178993676	0.630299345906	0.575433442937	0.591348305027	0.529173249798	0.56623942819	0.678808251032	0.609492854143	0.620912502518	0.548427737805	0.686014523448	0.576740977939	0.643401480064	0.520580081833	0.619939424343	0.505802518826	0.619243026894	0.588132970562	0.58862865891	0.601683343863	0.478384778333	0.674249450666	0.567820415395	0.580869375273	0.572107032872	0.579290796051	0.675824218043	0.559487334597	0.670301353415	0.565702393925	0.511689731745	0.533308963589	0.539202201734	0.628084600148	0.45348769969	0.490504126479	0.625108707378	0.68546017026	0.536974891284	0.605531541743	0.643345947968	0.493659199675	0.519031092854	0.560568985633	0.553942032854	0.633882432886	0.516404090999	0.596368982465	0.510541570984	0.538511602576	0.599187196805	0.651092588683	0.469494929657	0.557985806886	0.602197329548	0.456147659657	0.557500196233	0.499658347274	0.490804066132	0.494905605085	0.616723717194	0.720082033363	0.60231704462	0.629319586343	0.606696583861	0.596479307907	0.533475339674	0.508230625947	0.58318549603	0.613395913142	0.56826590695	0.548208535363	0.59093806047	0.553570774488
s31716	0.712320614768	0.634560003073	0.645176130465	0.608140428745	0.552936951308	0.584638489832	0.686173360275	0.655296513985	0.600456437308	0.552631845033	0.597271469613	0.0	0.632547109141	0.670658381571	0.504433602727	0.649975127688	0.551785142498	0.628412234408	0.644618595472	0.569056911757	0.626435239516	0.555458330002	0.638184321071	0.524980403387	0.537084059472	0.656427769907	0.48660787002	0.664321460934	0.520877070212	0.709295581122	0.458094057601	0.686402879409	0.56214014164	0.61646709557	0.448548881789	0.541912604885	0.563166266075	0.64054081458	0.661369126994	0.650421411534	0.592603021544	0.558158852296	0.646460403126	0.463310571065	0.506728601253	0.674411427443	0.494140602112	0.658365761561	0.530389730739	0.533184976081	0.616370081258	0.562641443194	0.629577879263	0.584040294876	0.638299005033	0.63820003797	0.635710235033	0.652476592873	0.569103755833	0.63066431036	0.605292929163	0.571667516514	0.53261559132	0.600277048615	0.515761463781	0.586214380695	0.57566416394	0.583514443917	0.593186569147	0.663167215503	0.59600198661	0.599103677879	0.564631846094	0.703048107056	0.616853865577	0.562241639698	0.510867982915	0.484220965258	0.561640572748	0.534365069012	0.744774787751	0.509246345503	0.619517044695	0.622140566862	0.605381881196	0.648367603418	0.597558017696	0.674200489293	0.616641285612	0.626150525293	0.539715504269	0.578210990452	0.606071804704
s32109	0.57539095569	0.677952024472	0.586671631429	0.65589960854	0.665479538406	0.628969667963	0.607697488824	0.587378811721	0.68714143593	0.60664753235	0.611733380156	0.632547109141	0.0	0.713915603156	0.619575127369	0.678126609958	0.627479506091	0.699373937724	0.655756947134	0.575842097654	0.684690728102	0.588701786112	0.637372421001	0.62823155931	0.598533739896	0.693693633306	0.591298297396	0.653348353584	0.593289336242	0.718423817885	0.646434676318	0.603221357683	0.547127538454	0.669903471318	0.614040105275	0.677116501439	0.550636409218	0.63916787403	0.622869849568	0.53943398323	0.725780637918	0.595027016223	0.650304234674	0.6704065891	0.587028957188	0.648004446299	0.62979137361	0.667974594633	0.587710148696	0.620118870681	0.556510277866	0.589634064532	0.661802232173	0.569372853005	0.631732670695	0.648016735163	0.65792418275	0.576419084191	0.610940178186	0.656940101372	0.617217553361	0.561587249532	0.592873781235	0.600656204478	0.643411270453	0.614349841584	0.633148203347	0.586764582749	0.637936815232	0.66354714725	0.666999157155	0.589762120665	0.630851193378	0.651651585658	0.606103190296	0.597722606904	0.597222909524	0.621634913875	0.594037411624	0.606199956581	0.755907189528	0.645514946568	0.652000547771	0.572485527286	0.640922212372	0.554134503371	0.594526912083	0.549287638994	0.640250960684	0.640657537087	0.622680772488	0.641364551575	0.608933010798
LP13_F_REDO	0.70979077597	0.639974698493	0.742236791397	0.649822378025	0.595752679729	0.680868530695	0.779766368317	0.734973145776	0.770740632323	0.765583607855	0.700808151081	0.670658381571	0.713915603156	0.0	0.652932353047	0.75985886099	0.707272649559	0.534657539821	0.673350662262	0.686308158833	0.708560754172	0.69477544709	0.712428684829	0.668590901445	0.690258796639	0.759246366246	0.690517519753	0.664778481471	0.71417144547	0.676979289094	0.614818523028	0.776359822237	0.702123730472	0.732978624541	0.674891457305	0.686175903098	0.681908261778	0.570095752782	0.593152338464	0.708148964749	0.670866102836	0.772365481173	0.665014922646	0.693950572165	0.699201707974	0.762599525639	0.675411761391	0.725411797438	0.761719574568	0.697862797865	0.732014087275	0.674956584876	0.718637407037	0.697771642944	0.687096412932	0.769875807982	0.760835658699	0.738582944331	0.736646985086	0.745162696779	0.646795043703	0.71693300014	0.69896272194	0.631063990021	0.706742320196	0.648755068324	0.683629468108	0.665651355553	0.690621882952	0.738913527059	0.769681454788	0.716102647343	0.684281143968	0.767664457491	0.706551955324	0.656386809986	0.697117507206	0.668052959761	0.619799399671	0.738862427929	0.714986592909	0.623806902505	0.720599239767	0.767424280301	0.726052245636	0.69430304423	0.739514414621	0.647205646103	0.630882298398	0.667505467829	0.658564183476	0.634618887499	0.689880458216
s31761	0.631929343928	0.592985421846	0.599311038154	0.601563911483	0.540719457745	0.597638808107	0.64664737637	0.617717839746	0.631071023657	0.568712900959	0.585078098938	0.504433602727	0.619575127369	0.652932353047	0.0	0.639866794818	0.591567998913	0.614632719607	0.665686401554	0.562156803574	0.620110303824	0.506098865679	0.561648237797	0.490521127724	0.542476472605	0.649161755661	0.512679086967	0.672288050187	0.499709856449	0.66441732074	0.522602705715	0.647630347599	0.481405886538	0.638407198939	0.48401233172	0.612862112788	0.541739742003	0.585702729407	0.606682781747	0.547549061122	0.597247485477	0.598185416537	0.566442733082	0.519871360375	0.492163962772	0.664036543831	0.533345268321	0.668006836648	0.545172466775	0.464892938618	0.536527294502	0.514673651645	0.657214320817	0.544900450485	0.562043815195	0.650719782367	0.657265764807	0.588103370125	0.575026943318	0.594854396137	0.547152051256	0.496524622863	0.43049842845	0.575499669868	0.555036590513	0.550360604219	0.587737601676	0.484188594829	0.600336445876	0.640164745825	0.630351088016	0.520484451613	0.529891282026	0.643330750705	0.533857047428	0.546220827117	0.535387040352	0.482548113534	0.440187470877	0.610042915717	0.700967788942	0.584514181353	0.628787791545	0.59954494125	0.60453310868	0.600095513209	0.556959004699	0.606283152984	0.562456682961	0.610299310509	0.561421822513	0.579359998504	0.528560479541
LP05_F	0.730845560173	0.750011970828	0.689554645946	0.57824830092	0.667749189577	0.615443552699	0.764417137043	0.594871374643	0.504374250687	0.614832968694	0.63742119741	0.649975127688	0.678126609958	0.75985886099	0.639866794818	0.0	0.548690515668	0.713270853668	0.561281086539	0.561913069808	0.788139328609	0.696109130996	0.727529575579	0.612113945047	0.568199849572	0.526788809081	0.612269157107	0.581021831438	0.502628021341	0.779636443513	0.618786794396	0.542505011816	0.635852213796	0.550107425864	0.664979760594	0.693478105358	0.625760726789	0.675890167778	0.727843250936	0.651976765222	0.711009929495	0.543665264339	0.761347301318	0.69978405267	0.560235023511	0.513526787839	0.657663933435	0.578652356786	0.614106882859	0.579572690275	0.626760277115	0.692598789273	0.483559000368	0.571908690873	0.675555360978	0.536146299346	0.51039774672	0.646210593835	0.538791299962	0.544987912396	0.721941862828	0.60863887915	0.682431147295	0.668274886134	0.599773164518	0.689692337283	0.549542873686	0.673495751017	0.565066498972	0.535572392053	0.518691736461	0.646558324277	0.562762194949	0.54268633125	0.675988905153	0.618985583676	0.668044798547	0.64262538825	0.633113540664	0.58256833563	0.825567442914	0.699363894662	0.544040641989	0.566507213587	0.490062486101	0.671031607999	0.599695151403	0.73369247786	0.637834276763	0.569536523148	0.626308327129	0.675327859673	0.691486651391
s32186	0.71986533944	0.751715780751	0.632394884575	0.600619970486	0.616302108614	0.602390402209	0.671324676804	0.588073458099	0.519187270707	0.547605971077	0.594056041041	0.551785142498	0.627479506091	0.707272649559	0.591567998913	0.548690515668	0.0	0.630087144402	0.602043981026	0.48922469946	0.734804044332	0.59388189722	0.707017029399	0.567312458918	0.579094630122	0.565493829388	0.572931899083	0.621431354512	0.509657001908	0.780258495122	0.495239896997	0.547827068209	0.578263036005	0.594749497864	0.587434468331	0.65816837511	0.605658611248	0.670006819564	0.715411568704	0.594197021136	0.71282643187	0.500114932068	0.742623429874	0.621115774865	0.558117910365	0.580527848692	0.574946069006	0.564263754357	0.488339710277	0.537898527051	0.543373056189	0.652677082224	0.53224741798	0.517664820778	0.665648340926	0.481484809432	0.559689816149	0.603696448343	0.492142448687	0.562952769436	0.69617458375	0.52199434943	0.574356478845	0.622907193098	0.643561991833	0.635828357233	0.583098369627	0.630793500328	0.580048233737	0.607728518615	0.534391576166	0.542522516782	0.587033298225	0.578069729879	0.593803823334	0.630995807599	0.624396034683	0.624145223123	0.61969899723	0.498314214069	0.817554254559	0.553965989905	0.641840318237	0.534312198941	0.530638680601	0.641688040109	0.505765172653	0.705599271059	0.654566037487	0.551211244678	0.616057790684	0.689014759568	0.639152105669
LP18_F	0.701998507712	0.673024961938	0.73286873767	0.589244323678	0.502112691225	0.610063468781	0.748983659621	0.705784794563	0.725429323183	0.698719393012	0.639845759239	0.628412234408	0.699373937724	0.534657539821	0.614632719607	0.713270853668	0.630087144402	0.0	0.611223153028	0.613376291116	0.686828295884	0.615225737896	0.703597987273	0.598182593453	0.664474772793	0.704651117265	0.628685240475	0.62292977559	0.607422370441	0.669667010339	0.516064890045	0.722250194654	0.668820098146	0.605894862466	0.642139538877	0.57525786879	0.596199778723	0.468960373054	0.55643034583	0.659208638476	0.58099440803	0.689650060919	0.578091721235	0.631451559419	0.617886835136	0.734746664023	0.615913903201	0.699870907523	0.703521655888	0.644986809388	0.700468094876	0.654588528923	0.669348232469	0.611068201531	0.691277192752	0.736807721205	0.729804432228	0.634763158252	0.669079186543	0.721140770977	0.650925731689	0.649199658638	0.655202380563	0.558595130365	0.642178279772	0.608366227526	0.595550998805	0.622069577819	0.521737128953	0.700481978174	0.719015601136	0.679497612482	0.58568942106	0.728449851329	0.640978907324	0.637182361852	0.634250267825	0.597962791211	0.580564557275	0.70047108384	0.713535459227	0.616625107678	0.66607387951	0.743423835316	0.612464689789	0.701978253932	0.695678994541	0.642300065694	0.522034718827	0.620760096632	0.558554230503	0.576793354796	0.642909613483
LP02_F	0.719257587643	0.712332518952	0.721945354476	0.55189397727	0.623580430608	0.57521857155	0.723856826847	0.686854060721	0.64018346067	0.662057146968	0.609200616291	0.644618595472	0.655756947134	0.673350662262	0.665686401554	0.561281086539	0.602043981026	0.611223153028	0.0	0.550708651008	0.773570971169	0.704872875648	0.714099030358	0.62023280478	0.56979703124	0.600487913936	0.577971949992	0.483719710262	0.580634269938	0.757260132864	0.641553318049	0.654064547744	0.644019777104	0.489163086896	0.666443207452	0.628553392552	0.581939496261	0.512886989677	0.608468706852	0.610350431328	0.68166119138	0.59680474739	0.691553017601	0.66775747506	0.583533364441	0.581238405638	0.625513849979	0.5973812872	0.627345324715	0.558366487278	0.648226239899	0.684294381979	0.521202919489	0.567625319131	0.653625385638	0.624869976391	0.569579208021	0.637049829228	0.563914319502	0.589919846873	0.670658714839	0.62287808642	0.642332415687	0.527078455983	0.638779690898	0.646128939449	0.480215963085	0.685836205939	0.488595893315	0.608175210763	0.561186799688	0.64794953765	0.525074027473	0.639872122555	0.656629282975	0.626074795644	0.607149104314	0.594428527694	0.611198648541	0.587802471126	0.793875869736	0.686942568339	0.598087762056	0.614408845594	0.518872365713	0.678887448088	0.62071420378	0.684073483151	0.511863435662	0.566787210128	0.577844566911	0.633334566345	0.68802280515
s31369	0.703582827537	0.690086418205	0.613049785487	0.505824809639	0.539758522282	0.55177628592	0.698366356517	0.631433059566	0.599100291894	0.600353795967	0.607178993676	0.569056911757	0.575842097654	0.686308158833	0.562156803574	0.561913069808	0.48922469946	0.613376291116	0.550708651008	0.0	0.711601293832	0.586665430314	0.679213722274	0.494704319282	0.557531344109	0.540920254131	0.547634971508	0.548853396177	0.4931273429	0.72068544305	0.511433849849	0.574112515574	0.56384186072	0.577474226478	0.578568778549	0.602114575054	0.508778616338	0.589150286579	0.660281991941	0.540664604049	0.628128616007	0.524355146174	0.68954771385	0.63362770199	0.509062608874	0.592267512672	0.585634659462	0.586380025888	0.537570590322	0.538399563915	0.56680899112	0.593944020481	0.542284004031	0.511960732067	0.639889871765	0.554482184292	0.597455509986	0.566075802021	0.520098357534	0.590864143761	0.66011509897	0.551504574817	0.558352533046	0.549070554827	0.595575634119	0.615085240023	0.508919029033	0.598901247419	0.541401373297	0.615346869868	0.552172057676	0.595032941456	0.512844288668	0.619100818963	0.608232203732	0.56718452869	0.578854554421	0.547750272264	0.581736476575	0.5326162498	0.769676338321	0.633631297882	0.592377278777	0.536436798514	0.535898403171	0.622615488191	0.579734805237	0.633830000047	0.570332220112	0.56889906835	0.577538537929	0.602353014545	0.624455007974
sAI_5316	0.593957044119	0.455662658778	0.636230554063	0.732084338488	0.671415443085	0.686341058913	0.721470187804	0.724418336775	0.797922206518	0.717172499122	0.630299345906	0.626435239516	0.684690728102	0.708560754172	0.620110303824	0.788139328609	0.734804044332	0.686828295884	0.773570971169	0.711601293832	0.0	0.56993576384	0.573330376778	0.640635276191	0.692570265485	0.804579845261	0.689154151392	0.791027716968	0.676270566544	0.643620991742	0.578832658472	0.778022894615	0.628875991239	0.780930395287	0.56840739069	0.696764042595	0.673172110224	0.693854802651	0.622818738803	0.679506605544	0.619834807452	0.732007881403	0.567927508979	0.617879960215	0.701703282438	0.809932729605	0.649000309458	0.808752494495	0.721468739467	0.68182230362	0.651846980787	0.544451089324	0.796721333499	0.654331941173	0.579487255725	0.758331799993	0.811274293596	0.667648783401	0.702693237713	0.758315524744	0.58904076089	0.634471732355	0.602326826309	0.658809716888	0.686139280155	0.632060724167	0.741560978673	0.581147521192	0.740844694569	0.779556229008	0.75985470825	0.61877300145	0.73577887005	0.794453603296	0.624932065691	0.632363316483	0.585621456976	0.584716357979	0.590546787821	0.76051639492	0.67570270808	0.667260894958	0.760933652585	0.76707949391	0.745886713263	0.635078851829	0.710604032303	0.603539586103	0.725151381792	0.739860739577	0.65963861178	0.60916476539	0.636046825906
s31475	0.53501664956	0.657823548954	0.520908080739	0.668738787118	0.567278529732	0.669313888824	0.616393466092	0.564758514846	0.706992755316	0.591658131471	0.575433442937	0.555458330002	0.588701786112	0.69477544709	0.506098865679	0.696109130996	0.59388189722	0.615225737896	0.704872875648	0.586665430314	0.56993576384	0.0	0.565571550408	0.541288171018	0.670387316849	0.673555519423	0.631487418925	0.702754582813	0.56052644545	0.731662701264	0.531547793911	0.69130865983	0.503483685751	0.714533098595	0.492117452119	0.609295246013	0.583012754534	0.64323021245	0.660211176093	0.557487023545	0.675874250214	0.614808326555	0.620767620377	0.554876230349	0.586544041776	0.704309826628	0.624031403769	0.666824265008	0.594077146826	0.5405995756	0.467515958808	0.533648724904	0.68139176364	0.597499117275	0.580109064709	0.658231451437	0.711626037631	0.57641188724	0.631271597319	0.71527868316	0.594104265928	0.435379819848	0.553527611199	0.618349110163	0.653372542832	0.521339847176	0.653560971958	0.536364979111	0.633888919664	0.714308287872	0.715909189315	0.511652560711	0.624560598032	0.677098867828	0.539045545853	0.64005470607	0.593052628976	0.619684947626	0.533316879702	0.599589068225	0.739578472917	0.608084777658	0.709038109308	0.656003742656	0.645261063805	0.581257980027	0.599415606793	0.607498070998	0.642753271934	0.666964032806	0.613590634338	0.654815107902	0.557407243771
s29777	0.605510242671	0.537577342348	0.592993266958	0.678463873429	0.632710072207	0.61952929848	0.655722819812	0.665434050609	0.754772712156	0.652258602448	0.591348305027	0.638184321071	0.637372421001	0.712428684829	0.561648237797	0.727529575579	0.707017029399	0.703597987273	0.714099030358	0.679213722274	0.573330376778	0.565571550408	0.0	0.55865420308	0.657165271967	0.745766496473	0.6552133639	0.750141115196	0.588186109665	0.669587559521	0.6160521859	0.744840823442	0.477160260443	0.753040580163	0.578359632667	0.6926956448	0.600503566667	0.660437811704	0.602854184559	0.571512026302	0.669618472992	0.701494804642	0.594955943176	0.558030429978	0.642462103667	0.752265465796	0.669315520652	0.739454497357	0.661104811092	0.581525935846	0.613386376109	0.481699159777	0.749565005635	0.645970220268	0.561792214473	0.736931121615	0.744507203396	0.642236058754	0.707430535141	0.709451323104	0.524600346276	0.55136409638	0.576895412082	0.637169661175	0.697884553095	0.625985236555	0.684396130986	0.570012019455	0.703833032444	0.739913117952	0.739622497083	0.548057214788	0.699862877893	0.73843130305	0.55312646084	0.613335429703	0.569633444181	0.6058151742	0.520124621784	0.665735324876	0.711128175234	0.647244531165	0.700787553696	0.6733833489	0.718399930898	0.570838000976	0.627494476798	0.518712665615	0.675242588123	0.681712470062	0.641859363853	0.611979272799	0.499188345063
s27796	0.633019841451	0.577120171789	0.567941593775	0.552907832138	0.509940930702	0.526561439046	0.695056385475	0.612258952138	0.616619729297	0.609473362906	0.529173249798	0.524980403387	0.62823155931	0.668590901445	0.490521127724	0.612113945047	0.567312458918	0.598182593453	0.62023280478	0.494704319282	0.640635276191	0.541288171018	0.55865420308	0.0	0.53216889432	0.637892642318	0.561320259238	0.609497410127	0.46056600976	0.691459066443	0.461270207785	0.639212176843	0.45787850105	0.590683161298	0.463422364256	0.558984657992	0.52770477418	0.559039613322	0.610297934119	0.503067481047	0.605288440091	0.575998094075	0.603690255742	0.532091850898	0.535712249581	0.673028366954	0.525591705178	0.64963366706	0.561349075822	0.505267506239	0.530139036985	0.454565795088	0.613395044113	0.483414183997	0.582361941891	0.604274997894	0.683006875225	0.529076440812	0.614999510735	0.617791043783	0.556311640532	0.524007121636	0.45216481109	0.506197811228	0.562948627909	0.534795023947	0.594455558325	0.554828689816	0.575953161797	0.612196900247	0.587235633116	0.456431933783	0.520159834073	0.64752047997	0.474111886444	0.554123935115	0.488860278945	0.455843035872	0.453663993442	0.574561218907	0.716203492006	0.552076670564	0.586182999304	0.637084071018	0.560276391843	0.554917798674	0.51558268247	0.573112939211	0.590937398142	0.544958271591	0.530996859351	0.520713307971	0.521165833408
s31943	0.702457478339	0.651012310256	0.593501196654	0.558151090735	0.583924321769	0.513036040997	0.687166563926	0.646929431509	0.582812426513	0.613610190961	0.56623942819	0.537084059472	0.598533739896	0.690258796639	0.542476472605	0.568199849572	0.579094630122	0.664474772793	0.56979703124	0.557531344109	0.692570265485	0.670387316849	0.657165271967	0.53216889432	0.0	0.631371935837	0.506577962422	0.573119662571	0.488383527554	0.732580844661	0.591052500381	0.591901799939	0.507857190373	0.525849867726	0.551197528029	0.606077330279	0.563378682467	0.6292197965	0.646340219372	0.569761768231	0.627274355624	0.534810207469	0.640042103837	0.583268216268	0.473830722406	0.609996086799	0.539515574422	0.625661150317	0.572214737444	0.514522548173	0.542830978545	0.594781792467	0.614624582012	0.489253273461	0.595970169919	0.591010031097	0.586375892271	0.611790837023	0.518851912888	0.515027581507	0.584339510458	0.528790001946	0.529094572359	0.5769769081	0.58171032478	0.615042260341	0.545082716587	0.58025320439	0.559120626854	0.565716278671	0.524503795567	0.570491881127	0.556235137037	0.622965029143	0.611375865691	0.510792469256	0.486109238667	0.478583532297	0.552113001448	0.584822302478	0.766578170017	0.59538836843	0.534512148634	0.549910067627	0.556350004137	0.604659809207	0.565372928908	0.681113948196	0.582780862	0.548905626808	0.553168438844	0.558488022262	0.587470580399
LC12_F	0.775613283855	0.7810514451	0.702467825817	0.635488219471	0.657023872159	0.662780341561	0.74433027231	0.634374196355	0.54306991933	0.642905543605	0.678808251032	0.656427769907	0.693693633306	0.759246366246	0.649161755661	0.526788809081	0.565493829388	0.704651117265	0.600487913936	0.540920254131	0.804579845261	0.673555519423	0.745766496473	0.637892642318	0.631371935837	0.0	0.677918277103	0.626869015441	0.593831037392	0.800385776894	0.630245194268	0.535066559403	0.659041798924	0.586947222326	0.658008537262	0.688630567667	0.640632512711	0.68668271263	0.762616523993	0.67022773446	0.737068771155	0.597273386246	0.760414827123	0.700494618569	0.596988376431	0.462814046391	0.669417150845	0.389379821821	0.576042926079	0.59042839154	0.634093867167	0.700159358102	0.412150786474	0.619540191712	0.734370584283	0.506098632716	0.512714916651	0.631994248804	0.57322090831	0.584243506282	0.73974949971	0.611061025479	0.657606851406	0.662524569878	0.689589701912	0.682056993985	0.568047925168	0.675881249378	0.600239788958	0.507882549285	0.553110702829	0.63044414521	0.587937039549	0.506287389588	0.691661640001	0.657437086567	0.672623664562	0.664802183052	0.674747459025	0.547157038489	0.839606220099	0.712888390316	0.555721212415	0.561059775304	0.582522340725	0.703204300965	0.592129109691	0.73529637725	0.660609112408	0.564031434265	0.651269432187	0.706396733306	0.691709339521
s29934	0.705623214923	0.655679673171	0.652062844856	0.55536842361	0.60134280394	0.561821984917	0.713649035108	0.664021771839	0.606527179113	0.581817584332	0.609492854143	0.48660787002	0.591298297396	0.690517519753	0.512679086967	0.612269157107	0.572931899083	0.628685240475	0.577971949992	0.547634971508	0.689154151392	0.631487418925	0.6552133639	0.561320259238	0.506577962422	0.677918277103	0.0	0.638262089755	0.508936439489	0.725503148689	0.548200304494	0.65260994619	0.556854888085	0.5617329908	0.566196082014	0.572821037662	0.530648708013	0.616071864569	0.626036323475	0.583637880443	0.61217603235	0.548981510122	0.661743277448	0.519450932895	0.479792058712	0.630993678744	0.525272922025	0.657759908593	0.56829865135	0.529041398412	0.610723837826	0.586464294463	0.614064951196	0.544392762069	0.611585258292	0.655586063163	0.604701064655	0.647891034078	0.538495807278	0.580175933918	0.63071394217	0.582280242506	0.531222562192	0.576925067609	0.523937093654	0.623791438674	0.548093775417	0.584176217091	0.575364538568	0.659482161862	0.595417452501	0.593821129285	0.552118130192	0.683081782102	0.592259879214	0.572155857742	0.514801642986	0.48202491265	0.585691412295	0.581481944332	0.772780437392	0.579558059627	0.645046592292	0.62109285145	0.5428437813	0.631547819532	0.58387611977	0.649356980795	0.531984856184	0.618836784279	0.534195948372	0.569205104185	0.60789991797
LP11_F	0.724356647219	0.728713519336	0.710288392748	0.515264290415	0.573388878922	0.610753983491	0.733283961457	0.67896107942	0.680212598745	0.675786345987	0.620912502518	0.664321460934	0.653348353584	0.664778481471	0.672288050187	0.581021831438	0.621431354512	0.62292977559	0.483719710262	0.548853396177	0.791027716968	0.702754582813	0.750141115196	0.609497410127	0.573119662571	0.626869015441	0.638262089755	0.0	0.619748508951	0.737445163765	0.642308342104	0.64393718216	0.671811384677	0.528986910975	0.631508025387	0.629066986926	0.619995988127	0.491298693448	0.593936646929	0.61332272034	0.703905988314	0.632964848617	0.684154498996	0.707425276406	0.598155276646	0.63813291577	0.607990088982	0.620605946352	0.678603034847	0.628412296133	0.660243745563	0.697784040304	0.569867292642	0.540893923137	0.661875980599	0.646081572098	0.626489364021	0.661140633753	0.590073514799	0.628715057747	0.700724261252	0.669262734734	0.67444556908	0.57048197716	0.659966603354	0.569876025772	0.538756878956	0.653641783604	0.559126060545	0.585845401174	0.599133277256	0.666743743369	0.580993355872	0.638486949718	0.660328626971	0.609217939676	0.643093293974	0.611833158826	0.630355725419	0.647252953025	0.771902016517	0.650916130557	0.624811819985	0.631008810346	0.561232404459	0.669996177061	0.638102768463	0.697870257857	0.558523346028	0.567371726734	0.603251801839	0.616663555818	0.687833108602
