	s28504	s29753	s31166	LP17_F	LP09_F	s26891	s31407	s12389	s29745	sAI_9042	s10852	s31716	s32109	LP13_F_REDO	s31761	LP05_F	s32186	LP18_F	LP02_F	s31369	sAI_5316	s31475	s29777	s27796	s31943	LC12_F	s29934	LP11_F	s32573	s32679	s29586	s22756	s32994	LP20_F	s11367	s29404	s33276	LP03_F	LP19_F	s29848	s11287	s29396	s31686	s29556	s30731	LC06_F	s21944	LC13_F	s22683	LC08_F	s29763	s26917	LC11_F	s31219	s30879	s33833	LC10_F	s24010	s30239	s32025	s25149	s31091	s31202	LC02_F	s27321_9596	LP12_F	LC03_F	s29780_9504	LP14_F	LC05_F	s31904	s27403	LP16_F	LC07_F	s22787	s20844	s27111	s28791	s1624	s28535	s30012	s10832	s31659	s29523	LP06_F	s29527	s27555	s21911	LP04_F	LC01_F	LP08_F_REDO	s28408	sAI_9328
s28504	0.0	0.686804140409	0.607146059328	0.820126636124	0.595447807515	0.740261624918	0.0998743895847	0.166758251813	0.817123135135	0.606339485168	0.830775287409	0.762137110745	0.177097301912	0.870188273566	0.574091924852	0.937647019117	0.853105946605	0.956310101516	1.0323716414	0.77572493408	0.492219750165	0.241976117337	0.744648790376	0.657973698748	0.741279759394	0.794046874753	0.822512224786	0.935400289387	0.784136835201	0.862140993408	0.727185363876	0.55068985234	0.321383042189	0.991423649308	0.637249720501	1.01145766249	0.914189392221	0.895451191826	0.898230904417	0.623603171391	0.823347325643	0.811066905735	0.631505005933	0.743157002637	0.875569774555	0.743392404746	0.656035787739	0.825733558998	0.800241633487	0.728631079763	0.243871972314	0.709873431114	0.93295373764	0.833537334871	0.615120823336	0.831290294661	0.797498088332	0.862882308504	0.858846079763	0.808733628214	0.596937414634	0.587983197759	0.602783661173	0.93611503296	0.861682980224	0.61304314766	0.934917586025	0.640685663151	0.984294919578	0.86562144232	0.893467990771	0.847106760712	0.993524667106	0.430453897165	0.700466123929	0.658467826632	0.684273043507	0.736306526038	0.637512524061	0.859312590639	0.882093274225	0.745077101516	0.951688627554	0.791972420567	0.931965786421	0.357208947264	0.813300986816	0.625661804878	0.88847050033	0.962695321688	0.893749358603	0.822321350692	0.319867525379
s29753	0.686804140409	0.0	0.436826605801	0.53324441002	0.392309395517	0.451406495715	0.673412398154	0.639680182597	0.499021125247	0.412697218194	0.496496044825	0.472378134476	0.646975796968	0.630313145682	0.393397222808	0.665478868161	0.577503257746	0.720257291365	0.799344816744	0.497049261701	0.415382814766	0.587604301252	0.404098225445	0.393596752802	0.404160416612	0.495856135794	0.545164805537	0.699378541859	0.517209564931	0.619669857614	0.431874446935	0.5590654588	0.54700763085	0.757142764008	0.41519227884	0.769344955175	0.635940647989	0.664282675676	0.657697151615	0.405209036256	0.516511257746	0.502032219512	0.394139709295	0.479478635465	0.590377482531	0.436034025709	0.41580136915	0.625331514832	0.470931348055	0.431479925511	0.594024488464	0.470325339486	0.675661121292	0.509553191826	0.399623220831	0.572124912327	0.460568538563	0.585328864206	0.570514399473	0.503208110086	0.393954694133	0.402982427159	0.397168376401	0.703868831905	0.560305854977	0.524444050099	0.703067804219	0.417576022413	0.750121181279	0.652604529334	0.637023350692	0.521991158207	0.759651590639	0.593498108767	0.422430409361	0.418656064601	0.449723572841	0.428942554384	0.404397421226	0.579787047462	0.646366572182	0.235578518128	0.710517197759	0.53859764733	0.698309895188	0.590270005274	0.507838003955	0.434655700066	0.655825961767	0.720335559657	0.624674282136	0.549050367831	0.565066132498
s31166	0.607146059328	0.436826605801	0.0	0.45875085234	0.258257624258	0.294404114041	0.571015402109	0.539085869479	0.385441647989	0.218038634806	0.376546247198	0.343670162821	0.486459148978	0.620384994726	0.220828726434	0.585272235992	0.429054736322	0.721566671061	0.768391384311	0.424585420567	0.270732810152	0.427488503626	0.307107267633	0.277062009888	0.313841042189	0.385816736322	0.472385316414	0.625637109426	0.425288570204	0.581861702703	0.267327154252	0.386464003955	0.322050847067	0.681828494397	0.204922609097	0.720509162821	0.505666305867	0.644654297956	0.666280031641	0.205239085695	0.465379938695	0.377452619644	0.195691256427	0.3743036882	0.478516473303	0.322302323006	0.235797761371	0.540176683586	0.354226464074	0.313241694133	0.394032936058	0.282893218853	0.592289078444	0.382449446935	0.159031478576	0.437732988134	0.392678359921	0.501859705999	0.416061399473	0.404560694792	0.246170838497	0.145664455504	0.234649107449	0.650392150956	0.484892019117	0.419670459459	0.644836581411	0.211206270929	0.669260633487	0.572907256427	0.55037204878	0.43138804087	0.675019605801	0.388129411997	0.25618468029	0.230893469347	0.207716007251	0.252785011206	0.197512550428	0.464518300593	0.635849684245	0.529231156889	0.646432313777	0.404386529993	0.624608305867	0.355465548451	0.382068753461	0.321349251154	0.595525916282	0.641976303889	0.517436166777	0.467747888596	0.332402594595
LP17_F	0.820126636124	0.53324441002	0.45875085234	0.0	0.411504074489	0.39781610679	0.787782379697	0.7333334588	0.403125817403	0.482035301252	0.442278059328	0.401789938036	0.721545659855	0.421021121951	0.480542334212	0.401265806856	0.381867886618	0.478732524061	0.527514638761	0.424200613052	0.598549430455	0.631002322347	0.456763524061	0.417977015162	0.325359170732	0.378026531312	0.432654137113	0.460925840475	0.36271014766	0.313463052076	0.362004304548	0.480095275544	0.584689356625	0.516892228741	0.439639239947	0.473766389585	0.347686620303	0.465488674357	0.475702861569	0.43574404878	0.323991431773	0.409699349374	0.413538911668	0.479069894529	0.398668462096	0.402478609756	0.457653685564	0.404002673698	0.399623466711	0.419540488464	0.644315154252	0.509002731707	0.377408637442	0.357097484509	0.435521056032	0.421087276203	0.421632045485	0.362541218853	0.362350334871	0.389445498352	0.46920638563	0.441996543177	0.463320481872	0.477939504285	0.411399930125	0.401013332894	0.416755692156	0.455483033619	0.43913608174	0.409186531971	0.424891283454	0.478420390903	0.454508015162	0.555787189848	0.396995769941	0.429802312459	0.429677353988	0.366861272907	0.424117591299	0.409401355966	0.431569392221	0.54127098352	0.516171013184	0.369221970336	0.453924228741	0.576265757416	0.386610396836	0.526438869479	0.42024860646	0.495907388266	0.402629766645	0.401127003296	0.551625226763
LP09_F	0.595447807515	0.392309395517	0.258257624258	0.411504074489	0.0	0.361162095583	0.579319760712	0.539388814766	0.447686121292	0.189057626236	0.453791261042	0.28791885234	0.529679439024	0.570949486486	0.180058046144	0.564759415953	0.468231806856	0.57433151615	0.654282610415	0.402569146341	0.284090140409	0.450544539222	0.335292537245	0.301146404087	0.327206771918	0.384369706658	0.413977937376	0.600685504944	0.419782653263	0.538853172709	0.254960168095	0.453613468688	0.40074816414	0.655283599209	0.180732159525	0.636919110086	0.53012086882	0.568038891233	0.570158615689	0.183852027027	0.441285892551	0.433481293342	0.22593158998	0.285877763349	0.478820547132	0.30832192617	0.214197905076	0.537094264338	0.381327930125	0.292495767963	0.454251375082	0.298307021094	0.550014793672	0.439351535267	0.222704782465	0.521447961107	0.381631452868	0.507012773896	0.448403810811	0.415004168754	0.204230390244	0.170573792353	0.170588363876	0.60393187673	0.438845044825	0.427835640738	0.555743470007	0.203460214239	0.612736626895	0.566218516809	0.555484959789	0.480396999341	0.620394412657	0.429417396177	0.27284895056	0.215653274225	0.29297280356	0.295947530653	0.192161470666	0.495084010547	0.630419445616	0.550605087014	0.643223947264	0.455604	0.599469435728	0.441032396177	0.428111768622	0.273691829927	0.519770887937	0.633721159525	0.487984796968	0.46200961437	0.419381219512
s26891	0.740261624918	0.451406495715	0.294404114041	0.39781610679	0.361162095583	0.0	0.705755649308	0.651505649967	0.304745324324	0.324274481213	0.311304537904	0.37473486882	0.622475124588	0.623836661833	0.354257137113	0.463170288069	0.321411820699	0.62090571325	0.636904027027	0.352330912327	0.464194718523	0.566095536585	0.265284958471	0.285661280158	0.241270839815	0.265735764008	0.402458933421	0.496021318392	0.353512181938	0.515765348715	0.245616926829	0.357100903757	0.442919103494	0.52999964733	0.294415984838	0.635873342782	0.425659399473	0.552855568227	0.584952517469	0.277108630191	0.429451042848	0.281166085036	0.277601847726	0.425840747528	0.356019375742	0.237525574819	0.293712872116	0.434304477258	0.288055141068	0.250316756098	0.519847526038	0.301391306526	0.462700216875	0.295051963085	0.317514547132	0.331607682268	0.287992810152	0.359565837179	0.312872697429	0.282393772577	0.400089870138	0.300737707317	0.343232608438	0.548848882004	0.388210329598	0.357226742254	0.553183263678	0.276134719842	0.541981413316	0.519154099539	0.374231204351	0.346865862228	0.54496548385	0.410730265656	0.252248302571	0.257317315755	0.195519835201	0.207475725115	0.265176954515	0.360744012525	0.607154875412	0.579491895847	0.482345199077	0.329373522083	0.53795779499	0.434248904417	0.286511020435	0.466090769281	0.479706669743	0.502807865524	0.370103034937	0.371650566908	0.489897189848
s31407	0.0998743895847	0.673412398154	0.571015402109	0.787782379697	0.579319760712	0.705755649308	0.0	0.139350665129	0.782639278181	0.568772142386	0.795144930784	0.737079343441	0.133095194463	0.857544549769	0.54024771325	0.904245494397	0.815459438365	0.937732004614	1.00073341529	0.746106852999	0.485712599868	0.210983440343	0.708462365194	0.62951482004	0.705650015821	0.758696727752	0.796941281477	0.89729494265	0.752482718523	0.842912634146	0.692470504944	0.505275370468	0.287220313777	0.952370700725	0.602565685564	0.974188607119	0.879251017139	0.869295250494	0.882145100198	0.592552628873	0.79933995913	0.776800415953	0.594898277521	0.725790620962	0.84245764733	0.706859714568	0.618258611074	0.790637870798	0.760533487805	0.695077203032	0.210793015821	0.671877841793	0.899362708635	0.800257537245	0.581056134476	0.79598392617	0.763204306526	0.828666350033	0.8238836559	0.773613419249	0.581321371786	0.555274911009	0.578253715887	0.896362773896	0.824932366513	0.581413806196	0.904319261042	0.603867435728	0.947563881345	0.822715287409	0.860554682268	0.811385195122	0.959182330257	0.387372599209	0.662523101516	0.625618445616	0.649251559657	0.703528767963	0.605742350692	0.824556038893	0.861488504944	0.705949994726	0.917525780488	0.745633652604	0.896714129862	0.32921422149	0.779143369809	0.613133258405	0.849233802241	0.926922867502	0.861151774555	0.788595012525	0.286772382993
s12389	0.166758251813	0.639680182597	0.539085869479	0.7333334588	0.539388814766	0.651505649967	0.139350665129	0.0	0.745503496374	0.538485548451	0.763107870138	0.697955308504	0.116970044166	0.815317220171	0.510831510877	0.824769738958	0.768170562294	0.861794856955	0.933609691496	0.664777427159	0.50423668886	0.168810056691	0.671450851022	0.541174856295	0.655522798286	0.713905305867	0.755983667106	0.817266427818	0.690483156889	0.782521154252	0.63861039354	0.455466325643	0.256510476599	0.880434896506	0.572113709954	0.931872971655	0.816056200396	0.786740551088	0.823984030323	0.559039143705	0.758791750165	0.73297150033	0.567043674357	0.696647039552	0.796277499011	0.679335675676	0.577148506262	0.749269112063	0.73597181147	0.666024481213	0.186341331575	0.642367885959	0.849898317732	0.73350851615	0.548950658537	0.752218270929	0.726725021753	0.748711709954	0.769130617666	0.745356284773	0.542596294001	0.51625016414	0.545052334871	0.850799304548	0.788762058668	0.51585367238	0.852962999341	0.579368149637	0.896203242584	0.793951108767	0.783114545814	0.780890429796	0.888702996704	0.34333504944	0.6381681147	0.596020288069	0.617763617007	0.663352220171	0.572557034278	0.795497562294	0.777408625577	0.694888377719	0.831821099539	0.718401771918	0.840542692156	0.286344335531	0.720537023731	0.556510089651	0.781754814107	0.866058285432	0.810221113382	0.719503892551	0.25896935267
s29745	0.817123135135	0.499021125247	0.385441647989	0.403125817403	0.447686121292	0.304745324324	0.782639278181	0.745503496374	0.0	0.409430415953	0.217598394858	0.406012218194	0.686275838497	0.596629060646	0.41890672116	0.386759220831	0.22607601648	0.610447603164	0.646561957811	0.423524539881	0.540490198418	0.649681727093	0.290594682268	0.422246479235	0.252738845748	0.305700289387	0.442158125906	0.50157896704	0.369906447594	0.532114864206	0.345219051417	0.379707421226	0.520781337508	0.448321459459	0.356802967699	0.625521202373	0.330636638102	0.530217840475	0.554629492419	0.31532160646	0.447985085695	0.154156490442	0.336727344759	0.481287017139	0.30765320501	0.284233810152	0.362337620303	0.347723125247	0.192855215557	0.284746830587	0.589286143705	0.349687664469	0.391059686223	0.18595761437	0.393057406065	0.187836808833	0.196634466711	0.371091433092	0.27791423797	0.208861997363	0.468252822676	0.349745907053	0.421598888596	0.529349134476	0.253952373764	0.415243556361	0.519165597891	0.333037743573	0.481830356625	0.452764908372	0.315604580092	0.244360002637	0.479804278181	0.482129775873	0.270777079763	0.31827330323	0.337452665129	0.272310758075	0.33244691826	0.252913972314	0.635521423204	0.582875407383	0.517968777851	0.211614490442	0.485024866183	0.524986571523	0.189094376401	0.542259559657	0.492251681608	0.409728682268	0.321791955834	0.37642663085	0.544828416612
sAI_9042	0.606339485168	0.412697218194	0.218038634806	0.482035301252	0.189057626236	0.324274481213	0.568772142386	0.538485548451	0.409430415953	0.0	0.422852730389	0.340041423863	0.491858541859	0.669574429796	0.151181023731	0.559202883982	0.441782969018	0.708766388266	0.725358872116	0.372501061305	0.256692354647	0.433921259723	0.327523458141	0.311228290046	0.33001090178	0.375973731048	0.482667698088	0.610964001318	0.436267120633	0.640502735662	0.264325317073	0.41952318853	0.344258765985	0.642567726434	0.178881117337	0.715936331575	0.535602120633	0.620356898484	0.673789297956	0.155804759394	0.493408054054	0.403080299934	0.193419502307	0.35024777851	0.450962646671	0.29127891826	0.169655941332	0.524672974291	0.365329843771	0.233873765985	0.398493812129	0.274774341463	0.56269081147	0.425470257086	0.20476176269	0.44253638497	0.321923121292	0.51719590969	0.449199447594	0.411020473962	0.251424496374	0.147238863546	0.181805591958	0.642173649308	0.45502781147	0.442506337508	0.618795994067	0.174228015821	0.626315326302	0.598895238629	0.525660458141	0.440309643375	0.631456535926	0.401341961107	0.232674611074	0.189139862887	0.279522382334	0.292592783784	0.17920678708	0.457755171391	0.697098852999	0.591491794331	0.627296040211	0.442960303889	0.60820258207	0.421645682268	0.422052023731	0.29034886025	0.567413355307	0.623761542518	0.50305395913	0.481072042189	0.386843027686
s10852	0.830775287409	0.496496044825	0.376546247198	0.442278059328	0.453791261042	0.311304537904	0.795144930784	0.763107870138	0.217598394858	0.422852730389	0.0	0.435455616348	0.71129317996	0.643656980883	0.44515813118	0.475662699407	0.280274797627	0.654179473303	0.701855642057	0.444218928148	0.532146896506	0.650650346078	0.197317506922	0.419843340804	0.279603671721	0.349996312459	0.474023873434	0.54336429532	0.395228921556	0.562113062624	0.342059127225	0.438306013843	0.529876052736	0.391454132498	0.369234509558	0.657865304548	0.305214328939	0.572801635465	0.59936884443	0.331108545814	0.48993344232	0.176575694792	0.327717362558	0.484874831905	0.373676504285	0.323563189848	0.382440149637	0.430126651285	0.145347582729	0.30117081147	0.609166377719	0.286088932103	0.464765370468	0.213752475939	0.384583746869	0.298955891892	0.246346775873	0.398100153593	0.345983132498	0.276176178642	0.462258195781	0.369017145682	0.446267772577	0.573615347396	0.26455384443	0.441774822676	0.578492733685	0.336821297297	0.528481447594	0.499310309163	0.423869334871	0.0913038951879	0.482169234674	0.505094721819	0.267803294001	0.342652088332	0.334320224127	0.267495698748	0.357829129862	0.3418035735	0.653637712591	0.604837110086	0.580330295979	0.283846740277	0.545902260382	0.525477116678	0.21487400791	0.536727170073	0.536428813448	0.43594928675	0.360311307844	0.419785686223	0.563493234674
s31716	0.762137110745	0.472378134476	0.343670162821	0.401789938036	0.28791885234	0.37473486882	0.737079343441	0.697955308504	0.406012218194	0.340041423863	0.435455616348	0.0	0.659802290046	0.617336424522	0.334970618985	0.514807346737	0.396127154911	0.606742927488	0.661938787739	0.458638696111	0.409963700725	0.577047179301	0.357476197759	0.366995916941	0.32062899143	0.408418166117	0.389899517469	0.654619191826	0.376107810152	0.564528176664	0.228341085036	0.4711371147	0.536297027027	0.704564326302	0.271980618985	0.652854011206	0.478283896506	0.638656231378	0.654275228082	0.305714659196	0.392536493078	0.426978280158	0.333328887937	0.27180595122	0.451130119314	0.314747375742	0.265918836519	0.539025955175	0.371348721819	0.313395895188	0.594610982861	0.391681364535	0.539702641397	0.415055121951	0.301559041529	0.515082628873	0.367135595913	0.54879847528	0.367980246539	0.445205286091	0.335752380356	0.325733931444	0.32082729532	0.64662053263	0.412901504285	0.44700463151	0.529171423204	0.314493509558	0.608854437706	0.578922725775	0.592566473962	0.475816858932	0.604813602505	0.533270132498	0.285028356625	0.262771683586	0.32211728675	0.257493796309	0.294925119314	0.503477529993	0.657226667106	0.591153806196	0.660589475939	0.440838988134	0.615346969677	0.555037997363	0.406249505603	0.403067758075	0.587450810811	0.658495777192	0.48115574555	0.510779044166	0.519060430455
s32109	0.177097301912	0.646975796968	0.486459148978	0.721545659855	0.529679439024	0.622475124588	0.133095194463	0.116970044166	0.686275838497	0.491858541859	0.71129317996	0.659802290046	0.0	0.81264521292	0.480839121292	0.805781435069	0.731940729071	0.898703613052	0.943597396836	0.663849044166	0.495816391562	0.152269222808	0.628591580751	0.556517470007	0.620240404746	0.677639890574	0.728453338167	0.824001547792	0.655762222808	0.797935563612	0.6091654265	0.416049891233	0.206878089651	0.883245232037	0.519496302571	0.905581903098	0.790271404746	0.81608880356	0.842212099539	0.511983448912	0.73898687673	0.679521523401	0.522672964403	0.677131562294	0.755207156889	0.622244340804	0.538452103494	0.698198427159	0.676670166777	0.614823594595	0.128689026368	0.590275537245	0.814922621622	0.710038167436	0.510877464733	0.707333669084	0.669193296638	0.749728040211	0.738775411997	0.690041093606	0.530730802241	0.47339943441	0.522368190508	0.835292748846	0.73721641793	0.503432309822	0.837133506262	0.52103335267	0.875176466711	0.749647018457	0.777606634806	0.731040234015	0.882926964403	0.30377982004	0.584348361898	0.539233086355	0.567206792353	0.618852020435	0.519832220171	0.741398621622	0.827031641397	0.679568332235	0.834266230059	0.66657847528	0.813850731048	0.240142437706	0.693489348715	0.577457341463	0.78315332762	0.840279771918	0.766636692156	0.715803546473	0.210231694792
LP13_F_REDO	0.870188273566	0.630313145682	0.620384994726	0.421021121951	0.570949486486	0.623836661833	0.857544549769	0.815317220171	0.596629060646	0.669574429796	0.643656980883	0.617336424522	0.81264521292	0.0	0.62959884443	0.662517268952	0.648801347396	0.574932066579	0.654838654581	0.657764297956	0.700399056032	0.784692847067	0.631930029005	0.6017662294	0.552156067238	0.619950918919	0.657633824654	0.534789837838	0.649177592617	0.369217932762	0.628689125906	0.66620439354	0.727472167436	0.611561851681	0.60851360646	0.628119217535	0.613310916941	0.519963622281	0.490053781806	0.604634363876	0.442107637442	0.617045841134	0.572211413975	0.674988673698	0.661873264997	0.603513126566	0.61996360646	0.591113625577	0.615466939354	0.618973177983	0.762199193804	0.681837075808	0.599059784443	0.583145032301	0.599860560316	0.625846245221	0.648913087014	0.564856070534	0.625902481213	0.594489833223	0.564317850363	0.595523040211	0.618990738958	0.550074849044	0.65263206592	0.628498784443	0.564168141727	0.62584100857	0.597811670402	0.528368042848	0.601461261042	0.671666816744	0.614783858273	0.711115698748	0.566580310481	0.61507000791	0.603989220831	0.569731193804	0.605297096902	0.63855623797	0.372415798286	0.610075226104	0.601571771259	0.572306796968	0.542441929466	0.709896068556	0.586962607779	0.614181489123	0.510148725115	0.595763963085	0.653423533289	0.58776158998	0.681290793013
s31761	0.574091924852	0.393397222808	0.220828726434	0.480542334212	0.180058046144	0.354257137113	0.54024771325	0.510831510877	0.41890672116	0.151181023731	0.44515813118	0.334970618985	0.480839121292	0.62959884443	0.0	0.610141653263	0.491846409361	0.70017210679	0.747647637442	0.459563551088	0.231944222149	0.429454101516	0.342145363876	0.296026750824	0.327526193144	0.406492173368	0.457629242584	0.637519386289	0.463417512854	0.604965323006	0.304586476599	0.441211547792	0.350303569545	0.695645944628	0.141582943968	0.730921667765	0.592796845089	0.610916381015	0.642909379038	0.175144661173	0.491984620303	0.423735679631	0.223747431773	0.332943536585	0.515571365854	0.307796279499	0.185063509558	0.548132847067	0.388693408042	0.270149091628	0.398323738958	0.290306450231	0.610559682268	0.446439947924	0.164388564931	0.496018671721	0.380020051417	0.528088308504	0.490740177324	0.417420097561	0.185451829927	0.150885226763	0.109537160185	0.634622427818	0.494601937376	0.443782077126	0.628310594595	0.168059500989	0.689571019776	0.593151558339	0.560552954515	0.468082305867	0.689994164799	0.431417288069	0.259268059328	0.183405071193	0.283665017139	0.29645931971	0.136956487146	0.501105189189	0.672614576796	0.566016042848	0.671123241925	0.456841887937	0.627212594595	0.43785730323	0.431376158866	0.240511964403	0.591783373105	0.656420775873	0.552401905735	0.477291856955	0.359721261701
LP05_F	0.937647019117	0.665478868161	0.585272235992	0.401265806856	0.564759415953	0.463170288069	0.904245494397	0.824769738958	0.386759220831	0.559202883982	0.475662699407	0.514807346737	0.805781435069	0.662517268952	0.610141653263	0.0	0.361906038893	0.387658208306	0.352210764667	0.454361969018	0.731617272907	0.733123539881	0.493784232696	0.525888355307	0.446923870138	0.429805727752	0.322937179301	0.488654136454	0.266949135794	0.577501994067	0.405133408701	0.530925191826	0.676717263678	0.499767927488	0.564611529334	0.366811280158	0.32051656559	0.517160241266	0.585220325643	0.537884597891	0.405160702044	0.397549292024	0.558169790376	0.382430824654	0.272834350692	0.455721429136	0.54101863942	0.387963349374	0.429959092947	0.475915804878	0.722325783784	0.547821387607	0.256750843771	0.390307572182	0.590464169413	0.410149946605	0.387326195122	0.416852274225	0.302986845748	0.402401802241	0.647735796968	0.53883285234	0.610084367831	0.548054247198	0.318031714568	0.544331965063	0.428705330257	0.54893514766	0.471597305867	0.493524918919	0.378706884641	0.491076916282	0.410103700725	0.619182723797	0.49831704944	0.524308234015	0.528935317732	0.490792591958	0.540094653263	0.39517812261	0.662013897825	0.68244487739	0.499434887278	0.399478611734	0.510452131839	0.670905129202	0.412882742914	0.703205923533	0.453703582729	0.479975568227	0.355218524061	0.470451391562	0.692565302571
s32186	0.853105946605	0.577503257746	0.429054736322	0.381867886618	0.468231806856	0.321411820699	0.815459438365	0.768170562294	0.22607601648	0.441782969018	0.280274797627	0.396127154911	0.731940729071	0.648801347396	0.491846409361	0.361906038893	0.0	0.565338927488	0.589277706658	0.384413405405	0.606424164799	0.641374446276	0.326156520765	0.459834088332	0.325899662492	0.312041430455	0.411159001978	0.529433458141	0.361952300593	0.563412141068	0.319925266974	0.434917917601	0.556581595254	0.447430738958	0.436972773237	0.590975379697	0.255113928148	0.551656680949	0.599813051417	0.404555373764	0.413247748187	0.207428636124	0.417015272907	0.488721949901	0.24598676269	0.353488492419	0.381507918919	0.401868626236	0.219456301252	0.359077580092	0.623435659196	0.374484830587	0.363978613711	0.247788646012	0.463946307185	0.255545736322	0.266340997363	0.390824326302	0.230879158866	0.26597360646	0.544032334212	0.423848917601	0.487976285432	0.560365808833	0.246082888596	0.447119883982	0.468296239288	0.406314439024	0.453074084377	0.505270346078	0.353068375082	0.302437382334	0.405827055372	0.522265800264	0.339077635465	0.397144506262	0.377496518128	0.351828282795	0.409617509558	0.238169669743	0.653389520105	0.612604834542	0.555458369809	0.234473113382	0.528410976269	0.561785822017	0.227994427159	0.602776533289	0.474709232696	0.442150541859	0.256829839156	0.388522457482	0.586213386289
LP18_F	0.956310101516	0.720257291365	0.721566671061	0.478732524061	0.57433151615	0.62090571325	0.937732004614	0.861794856955	0.610447603164	0.708766388266	0.654179473303	0.606742927488	0.898703613052	0.574932066579	0.70017210679	0.387658208306	0.565338927488	0.0	0.321302874094	0.508168285432	0.803823170073	0.840249198418	0.64832036058	0.541797817403	0.543451845089	0.538961646012	0.463665980883	0.394731709295	0.465069564272	0.465864952538	0.534198694133	0.703975506922	0.812198012525	0.493779181279	0.658503935399	0.394082424522	0.49946587739	0.32168299143	0.40671177851	0.651368646671	0.497706731048	0.606301244562	0.68846517996	0.529212990771	0.462108986157	0.596190690837	0.671675945946	0.493784545155	0.593476800264	0.60010793408	0.84745425445	0.710633953197	0.378132588003	0.561584059987	0.703084732367	0.604673784443	0.609217273566	0.380842313777	0.498625210943	0.558499617666	0.702009522742	0.674937250494	0.672924098879	0.415836572841	0.48700936915	0.611736488464	0.34255644298	0.675787486486	0.43857881147	0.435448217535	0.472016419249	0.665175586025	0.391512660514	0.751400858273	0.645799910349	0.646752326302	0.685932174687	0.620758242584	0.654165759394	0.590238323006	0.519821416612	0.724125349374	0.455731361898	0.536295637442	0.423655576796	0.799541552406	0.56842182004	0.760135640079	0.388547023731	0.470463609097	0.513854752142	0.413905536585	0.805638193804
LP02_F	1.0323716414	0.799344816744	0.768391384311	0.527514638761	0.654282610415	0.636904027027	1.00073341529	0.933609691496	0.646561957811	0.725358872116	0.701855642057	0.661938787739	0.943597396836	0.654838654581	0.747647637442	0.352210764667	0.589277706658	0.321302874094	0.0	0.655032257746	0.890180586025	0.903360867502	0.704704462096	0.708697588003	0.598115823995	0.555692161503	0.384460570204	0.389043839815	0.471921145023	0.535385781806	0.576219814766	0.725807078444	0.856866616348	0.466440943968	0.705891520105	0.19707154911	0.548844495715	0.423533396177	0.48567836915	0.687164087673	0.564454910349	0.636687414634	0.741447531971	0.528993431114	0.479793493738	0.604573477917	0.697003468688	0.507434023072	0.643137176005	0.610991206328	0.888217876071	0.76121356559	0.339748986157	0.598068767963	0.750736843111	0.609637214898	0.623275356625	0.507662769941	0.525496446276	0.567367375082	0.78360018853	0.722421108108	0.729029963085	0.424489885959	0.519086492419	0.661078670402	0.341244581411	0.71810718853	0.411203623599	0.493982984838	0.485916175346	0.7120141147	0.377503593935	0.76847406592	0.684393335531	0.683619026368	0.729385031641	0.657933150956	0.695349593276	0.607453419908	0.683425230719	0.80532549967	0.566601840475	0.58105592617	0.430158930784	0.851124513514	0.615308719183	0.851082838497	0.402133796309	0.486283241266	0.536665649967	0.585548165458	0.85841713118
s31369	0.77572493408	0.497049261701	0.424585420567	0.424200613052	0.402569146341	0.352330912327	0.746106852999	0.664777427159	0.423524539881	0.372501061305	0.444218928148	0.458638696111	0.663849044166	0.657764297956	0.459563551088	0.454361969018	0.384413405405	0.508168285432	0.655032257746	0.0	0.555840326961	0.596628371127	0.420657220831	0.246279593935	0.381849195781	0.395067244562	0.463522325643	0.560205749506	0.393002825313	0.599034388926	0.347647702044	0.472237659196	0.527887646671	0.598284435728	0.439055010547	0.657984820699	0.461144818062	0.541044512195	0.651574153593	0.401402584047	0.44571486882	0.398172313118	0.40443168029	0.499008864865	0.382835767304	0.400578005933	0.403388359262	0.501320979565	0.403387030323	0.385574384311	0.579656314436	0.45122256559	0.490387648649	0.419461883982	0.442368005274	0.423963331575	0.37470118062	0.386358224786	0.393017147001	0.410998011206	0.509514224786	0.398166520765	0.462116814107	0.630352449572	0.437768296638	0.480348922874	0.555874765326	0.428957202373	0.577863939354	0.588024654581	0.410660203691	0.47082752472	0.559226597891	0.511186128543	0.405803193804	0.407392609097	0.403361903757	0.39794817205	0.416395765326	0.446328854977	0.563569183916	0.592118204351	0.35396084443	0.425452906394	0.600771469347	0.527966131839	0.411850796309	0.543648369809	0.521113531971	0.587202657877	0.445834334871	0.294218727752	0.570706132498
sAI_5316	0.492219750165	0.415382814766	0.270732810152	0.598549430455	0.284090140409	0.464194718523	0.485712599868	0.50423668886	0.540490198418	0.256692354647	0.532146896506	0.409963700725	0.495816391562	0.700399056032	0.231944222149	0.731617272907	0.606424164799	0.803823170073	0.890180586025	0.555840326961	0.0	0.420172104812	0.436665347396	0.385108511536	0.458916839815	0.546196640738	0.599167183916	0.782867377719	0.58377384443	0.67397067238	0.414989470007	0.578884986816	0.45804836915	0.849959468029	0.297621929466	0.865499520765	0.675976041529	0.755272340804	0.755074990771	0.314806605142	0.564021195781	0.557093431114	0.306639468029	0.40928022149	0.639983349374	0.454992798286	0.332589309822	0.704873600527	0.508244470007	0.438609543177	0.474083386289	0.4097718853	0.762409497034	0.540346781806	0.275371114041	0.610641698088	0.531558050758	0.674175146341	0.573672044825	0.562995052736	0.259341131839	0.264644005274	0.259496299934	0.794860892551	0.648521357943	0.593569559657	0.776325858273	0.31708463942	0.843354852999	0.724556365854	0.694383940013	0.570314116678	0.85166095913	0.572937833223	0.38399225379	0.339632539222	0.366348313777	0.398736723138	0.295396206987	0.63282506592	0.695701543837	0.570330009229	0.79339790178	0.58867568029	0.790033494397	0.521555338167	0.549963361898	0.261439193804	0.746417367172	0.814798963744	0.682502329598	0.625933307844	0.445615337508
s31475	0.241976117337	0.587604301252	0.427488503626	0.631002322347	0.450544539222	0.566095536585	0.210983440343	0.168810056691	0.649681727093	0.433921259723	0.650650346078	0.577047179301	0.152269222808	0.784692847067	0.429454101516	0.733123539881	0.641374446276	0.840249198418	0.903360867502	0.596628371127	0.420172104812	0.0	0.557427760712	0.487065108108	0.567164153593	0.608552823336	0.665528866842	0.806172787739	0.585232750824	0.748544728411	0.517600281477	0.414386131839	0.16861838563	0.86734144232	0.471133972314	0.872711597891	0.695098921556	0.795081363217	0.824941767963	0.483003353329	0.647646887937	0.630821292024	0.474674201714	0.574397602505	0.678550138431	0.578878094924	0.492583625577	0.695560303889	0.601846234674	0.580263373764	0.117048916282	0.542873098879	0.776823732367	0.63935409031	0.442065555043	0.677585533949	0.623454759394	0.70630799209	0.640048398813	0.659133874753	0.451952296638	0.409018753461	0.473746047462	0.826118686223	0.690358812788	0.459453316414	0.792008494397	0.479075506262	0.855035396836	0.742835020435	0.750290553724	0.669796101516	0.846163841793	0.308671201055	0.535754217535	0.504541523401	0.506886431773	0.556783004614	0.472506632169	0.674262406065	0.773587883322	0.631944256427	0.821980529993	0.622301062624	0.814546885959	0.226766369809	0.623807055372	0.486024402109	0.7485476882	0.842451580092	0.715475259723	0.680898062624	0.159257727093
s29777	0.744648790376	0.404098225445	0.307107267633	0.456763524061	0.335292537245	0.265284958471	0.708462365194	0.671450851022	0.290594682268	0.327523458141	0.197317506922	0.357476197759	0.628591580751	0.631930029005	0.342145363876	0.493784232696	0.326156520765	0.64832036058	0.704704462096	0.420657220831	0.436665347396	0.557427760712	0.0	0.333434027686	0.267189450231	0.356547906394	0.470102457482	0.561926280817	0.413505390903	0.544723446276	0.241628184575	0.381839475939	0.460036457482	0.479251581411	0.264138161503	0.675619697429	0.369452898484	0.573571684245	0.609091433751	0.243577046803	0.498198355966	0.25766447528	0.244343922874	0.389463396177	0.401501852999	0.261460454186	0.277760268293	0.462559703362	0.183609487805	0.225426207647	0.53044387673	0.172119530653	0.509019036915	0.266550358603	0.299469708635	0.381798109426	0.271273663151	0.398971627554	0.377204651285	0.324251775214	0.361332066579	0.279226185893	0.3452383118	0.586777127225	0.31770093474	0.391646951879	0.593866658537	0.235996469347	0.575711874753	0.536052829927	0.459220882663	0.228620562294	0.509025911009	0.448341441661	0.181186993408	0.252688415293	0.262254987475	0.199224078444	0.268604726434	0.377240085036	0.638547244562	0.542661265656	0.566319323006	0.325845959789	0.577882128543	0.465517218194	0.261656961107	0.424903308504	0.532380299275	0.483074962426	0.396242116018	0.397678671061	0.500564257746
s27796	0.657973698748	0.393596752802	0.277062009888	0.417977015162	0.301146404087	0.285661280158	0.62951482004	0.541174856295	0.422246479235	0.311228290046	0.419843340804	0.366995916941	0.556517470007	0.6017662294	0.296026750824	0.525888355307	0.459834088332	0.541797817403	0.708697588003	0.246279593935	0.385108511536	0.487065108108	0.333434027686	0.0	0.304571518787	0.403347234015	0.465281800923	0.576203334212	0.38029939354	0.543666974291	0.287318751483	0.406203593276	0.427804412657	0.644864550428	0.300001055372	0.679309232037	0.51401953263	0.535487411338	0.622742847067	0.282902301912	0.453814010547	0.399146716546	0.254511955834	0.394734723797	0.480701224127	0.329509415293	0.282291951879	0.542152079103	0.405872059987	0.32280877851	0.484142305208	0.346896026368	0.581296804878	0.407829104812	0.266840784443	0.475625756098	0.407385618326	0.370790947264	0.450249646671	0.421296305208	0.33015802439	0.247508413975	0.311390953856	0.616923749506	0.496552077785	0.398041011206	0.61139741002	0.310339654581	0.656496272907	0.563528600527	0.466608524061	0.457085454845	0.64448492617	0.454688666447	0.297816873434	0.292904412657	0.291821812788	0.291071887278	0.28016347528	0.490727891233	0.485643210283	0.525438399473	0.471170053395	0.440054560976	0.610118943309	0.432507567568	0.390172291365	0.365996720501	0.548400595913	0.622465293342	0.530451332894	0.332777218194	0.441635831905
s31943	0.741279759394	0.404160416612	0.313841042189	0.325359170732	0.327206771918	0.241270839815	0.705650015821	0.655522798286	0.252738845748	0.33001090178	0.279603671721	0.32062899143	0.620240404746	0.552156067238	0.327526193144	0.446923870138	0.325899662492	0.543451845089	0.598115823995	0.381849195781	0.458916839815	0.567164153593	0.267189450231	0.304571518787	0.0	0.219141095583	0.359077143045	0.44221675412	0.304352068556	0.450969377719	0.248204386289	0.347034604483	0.461730752802	0.490878215557	0.252376529334	0.560157159525	0.391340725775	0.47304199143	0.481002186552	0.241118870138	0.417975003296	0.245945622281	0.285418773237	0.401857274885	0.340463965063	0.190116446276	0.263347297956	0.341677497693	0.232972216875	0.209838003296	0.52666371325	0.324669249835	0.429948187871	0.216394692156	0.301662979565	0.326046329598	0.25621775412	0.338253172709	0.316497796968	0.23221771325	0.374565922874	0.279384159525	0.303849731707	0.448254102835	0.355843174687	0.258244129202	0.443213050099	0.270974875412	0.468492158207	0.395987003955	0.390214965722	0.309081880686	0.476867247858	0.433716331575	0.24688959855	0.215878088332	0.274643195781	0.173549469347	0.24440479499	0.353495526038	0.586919851022	0.555413901121	0.513372980224	0.242746612393	0.426022266974	0.464664760712	0.20398253263	0.461209834542	0.429615344759	0.455231394858	0.375916892551	0.306554709295	0.485617214898
LC12_F	0.794046874753	0.495856135794	0.385816736322	0.378026531312	0.384369706658	0.265735764008	0.758696727752	0.713905305867	0.305700289387	0.375973731048	0.349996312459	0.408418166117	0.677639890574	0.619950918919	0.406492173368	0.429805727752	0.312041430455	0.538961646012	0.555692161503	0.395067244562	0.546196640738	0.608552823336	0.356547906394	0.403347234015	0.219141095583	0.0	0.374783036256	0.451180943968	0.366861070534	0.51849700857	0.309227193144	0.400119367831	0.520700305867	0.459254731048	0.348842742914	0.55860963151	0.413584495056	0.45650295913	0.514668645353	0.331275110086	0.440894913645	0.26894832762	0.392233911009	0.483491666447	0.329952583388	0.203572628214	0.349707992749	0.301330990112	0.267058534608	0.242337681608	0.573143677653	0.401661864206	0.371934409361	0.288913750824	0.41633981147	0.304901968359	0.241361362558	0.348136252472	0.269390286091	0.229567258405	0.487416545155	0.371523477917	0.392630578115	0.44737180356	0.352013357943	0.34213791826	0.41906123731	0.365692885959	0.444727170732	0.416211431114	0.371402539881	0.371891791035	0.442892462096	0.459818128543	0.325647529993	0.309288582729	0.300668543177	0.281510355307	0.338149435728	0.32496640145	0.662082850363	0.618926772577	0.528295928148	0.265080932762	0.412995980883	0.538153528016	0.262206479895	0.567186932762	0.400210698748	0.440507769281	0.283683620303	0.320061187871	0.555675145023
s29934	0.822512224786	0.545164805537	0.472385316414	0.432654137113	0.413977937376	0.402458933421	0.796941281477	0.755983667106	0.442158125906	0.482667698088	0.474023873434	0.389899517469	0.728453338167	0.657633824654	0.457629242584	0.322937179301	0.411159001978	0.463665980883	0.384460570204	0.463522325643	0.599167183916	0.665528866842	0.470102457482	0.465281800923	0.359077143045	0.374783036256	0.0	0.615520019776	0.237330317732	0.596156261042	0.326720382334	0.520818198418	0.606948893869	0.670526939354	0.448343108108	0.361520982861	0.46222058998	0.597921471984	0.616170447594	0.440561266974	0.333522880686	0.41432718062	0.482859378378	0.252377066579	0.304590462096	0.408140235333	0.460031487805	0.53840636915	0.392606154911	0.426486061305	0.656545850363	0.502330789717	0.432173589321	0.461995003296	0.489216383652	0.480142814766	0.404374740277	0.543917439024	0.329494457482	0.41468616414	0.529978735003	0.451197848385	0.439462191826	0.624556646012	0.367140490442	0.484609261701	0.487343419249	0.460133032301	0.589738504944	0.572114769281	0.531949428477	0.502546741595	0.543846061305	0.585306301252	0.446836301252	0.42922036915	0.416862021094	0.419435282136	0.412912160844	0.468686028345	0.696048602505	0.645258597231	0.659534015162	0.435821852999	0.601599540541	0.62116136849	0.43573453263	0.610449644693	0.547272026368	0.645548486486	0.428187815425	0.490078727752	0.604011146341
LP11_F	0.935400289387	0.699378541859	0.625637109426	0.460925840475	0.600685504944	0.496021318392	0.89729494265	0.817266427818	0.50157896704	0.610964001318	0.54336429532	0.654619191826	0.824001547792	0.534789837838	0.637519386289	0.488654136454	0.529433458141	0.394731709295	0.389043839815	0.560205749506	0.782867377719	0.806172787739	0.561926280817	0.576203334212	0.44221675412	0.451180943968	0.615520019776	0.0	0.579669152274	0.398389749506	0.552137961767	0.587818948583	0.720637870798	0.313314711272	0.569903577456	0.469629316414	0.502022119314	0.196719954515	0.301494912986	0.553694821358	0.6425284588	0.493990430455	0.590806708635	0.714047629532	0.509132234015	0.491735962426	0.564564415953	0.350120933421	0.513388647989	0.470058153593	0.760389387607	0.626460423204	0.375132074489	0.442530400791	0.624538329598	0.452915027027	0.508841152933	0.352689978247	0.530722394199	0.43262092617	0.673179052736	0.59295169677	0.637112847067	0.218876519446	0.519742185893	0.514944222808	0.251824340804	0.58210459855	0.265294350692	0.242620332894	0.331939071193	0.557259084377	0.319173481213	0.631083251813	0.545277387607	0.548351568886	0.587720706658	0.506556100857	0.56346604878	0.51650163942	0.556407566249	0.693296903098	0.40581155768	0.420523117337	0.21211379499	0.700881120633	0.451257674357	0.740650248517	0.305249011206	0.286872734344	0.451837305208	0.408560127884	0.728213013184
